     [,1] [,2] [,3] [,4] [,5]
[1,]    1    0    0    0    0
[2,]    0    2    0    0    0
[3,]    0    0    3    0    0
[4,]    0    0    0    4    0
[5,]    0    0    0    0    5
[1] "fit function"
[1] "K"
          [,1]      [,2]      [,3]      [,4]      [,5]
[1,] 1.0000000 0.4094256 0.2065940 0.2065940 0.2546157
[2,] 0.4094256 1.0000000 0.4094256 0.3322060 0.2065940
[3,] 0.2065940 0.4094256 1.0000000 0.4094256 0.2065940
[4,] 0.2065940 0.3322060 0.4094256 1.0000000 0.4094256
[5,] 0.2546157 0.2065940 0.2065940 0.4094256 1.0000000
[1] "K Star"
          [,1]      [,2]      [,3]       [,4]       [,5]
[1,] 1.0000000 0.7527666 0.5666576 0.38075468 0.22836730
[2,] 0.7527666 1.0000000 0.4778779 0.32110086 0.19258840
[3,] 0.5666576 0.4778779 1.0000000 0.24171402 0.14497413
[4,] 0.3807547 0.3211009 0.2417140 1.00000000 0.09741257
[5,] 0.2283673 0.1925884 0.1449741 0.09741257 1.00000000
[1] "matrix P"
             [,1]        [,2]        [,3]        [,4]        [,5]      [,6]      [,7]      [,8]       [,9]      [,10]
 [1,]  2.00000000  1.16219228  0.36006367  0.58734863 -0.02624839 1.0000000 0.7527666 0.5666576 0.38075468 0.22836730
 [2,]  1.16219228  2.00000000  0.06845228  0.65330687 -0.01400555 0.7527666 1.0000000 0.4778779 0.32110086 0.19258840
 [3,]  0.36006367  0.06845228  2.00000000 -0.16771161  0.35156808 0.5666576 0.4778779 1.0000000 0.24171402 0.14497413
 [4,]  0.58734863  0.65330687 -0.16771161  2.00000000 -0.31201306 0.3807547 0.3211009 0.2417140 1.00000000 0.09741257
 [5,] -0.02624839 -0.01400555  0.35156808 -0.31201306  2.00000000 0.2283673 0.1925884 0.1449741 0.09741257 1.00000000
 [6,]  1.00000000  0.75276664  0.56665762  0.38075468  0.22836730 1.0000000 0.7527666 0.5666576 0.38075468 0.22836730
 [7,]  0.75276664  1.00000000  0.47787791  0.32110086  0.19258840 0.7527666 1.0000000 0.4778779 0.32110086 0.19258840
 [8,]  0.56665762  0.47787791  1.00000000  0.24171402  0.14497413 0.5666576 0.4778779 1.0000000 0.24171402 0.14497413
 [9,]  0.38075468  0.32110086  0.24171402  1.00000000  0.09741257 0.3807547 0.3211009 0.2417140 1.00000000 0.09741257
[10,]  0.22836730  0.19258840  0.14497413  0.09741257  1.00000000 0.2283673 0.1925884 0.1449741 0.09741257 1.00000000
[1] " matrixq"
           [,1]
 [1,] -3.928546
 [2,] -3.744334
 [3,] -3.431224
 [4,] -3.040982
 [5,] -2.663342
 [6,] -2.928546
 [7,] -2.744334
 [8,] -2.431224
 [9,] -2.040982
[10,] -1.663342
[1] " matrix aMat"
      [,1] [,2] [,3] [,4] [,5] [,6] [,7] [,8] [,9] [,10] [,11] [,12]
 [1,]    1    1    1    0    0    0    0    0    0     0     0     0
 [2,]    1    1    0    1    0    0    0    0    0     0     0     0
 [3,]    1   -1    0    0    1    0    0    0    0     0     0     0
 [4,]    1    1    0    0    0    1    0    0    0     0     0     0
 [5,]    1   -1    0    0    0    0    1    0    0     0     0     0
 [6,]    1    0    0    0    0    0    0    1    0     0     0     0
 [7,]    1    0    0    0    0    0    0    0    1     0     0     0
 [8,]    1    0    0    0    0    0    0    0    0     1     0     0
 [9,]    1    0    0    0    0    0    0    0    0     0     1     0
[10,]    1    0    0    0    0    0    0    0    0     0     0     1
[1] " matrix bVex"
      [,1]
 [1,]    5
 [2,]    0
 [3,]    0
 [4,]    0
 [5,]    0
 [6,]    0
 [7,]    0
 [8,]    0
 [9,]    0
[10,]    0
[11,]    0
[12,]    0
 [1]  6.524914e-01  7.998061e-01  1.340595e+00  1.047703e+00  1.159405e+00  5.261310e-17  0.000000e+00  1.304438e-17
 [9]  1.110223e-16 -1.032822e-16
[1] "alpha"
[1] 0.6524914 0.7998061 1.3405954 1.0477025 1.1594046
[1] "beta"
[1]  5.261310e-17  0.000000e+00  1.304438e-17  1.110223e-16 -1.032822e-16
[1] "wxstar"
            [,1]
[1,] -0.25064117
[2,] -0.25300696
[3,]  0.08264867
[4,] -0.05104076
[5,]  0.09551431
[1] "wxstar index"
[1] FALSE FALSE FALSE FALSE FALSE
[1] "b_star"
[1] 0.253007
[1] "matrix K * (alpha * y)"
          [,1]      [,2]       [,3]      [,4]       [,5]
[1,] 0.6524914 0.3274611 -0.2769589 0.2164490 -0.2952026
[2,] 0.2671467 0.7998061 -0.5488741 0.3480531 -0.2395260
[3,] 0.1348008 0.3274611 -1.3405954 0.4289563 -0.2395260
[4,] 0.1348008 0.2657004 -0.5488741 1.0477025 -0.4746900
[5,] 0.1661345 0.1652351 -0.2769589 0.4289563 -1.1594046
[1] "y*(1 - wxstar - b_star)"
           [,1]
[1,]  0.9976342
[2,]  1.0000000
[3,] -0.6643444
[4,]  0.7980338
[5,] -0.6514787
[1] "matrix wx"
          [,1]      [,2]       [,3]       [,4]       [,5]
[1,] 0.3451428 0.6725389 -0.3873855  0.5815848 -0.3562761
[2,] 0.7304875 0.2001939 -0.1154702  0.4499807 -0.4119528
[3,] 0.8628334 0.6725389  0.6762510  0.3690775 -0.4119528
[4,] 0.8628334 0.7342996 -0.1154702 -0.2496687 -0.1767888
[5,] 0.8314997 0.8347649 -0.3873855  0.3690775  0.5079259
[1] "bias b"
[1] 0.2835472
[1] 0.6524914 0.7998061 1.3405954 1.0477025 1.1594046
